route_id,stops,stop_names,num_stops,total_distance_km
Route_1,ADELADA1 → VICTMUBU → SHOLEXE2 → SHOLEXE1 → SHOLJAL1 → EXETSHOL → EXETMEG → JALNARC5 → JALNMEG → MEGEXE2 → MEGEXE1 → JALNERN5 → JALNAUGU → JALNFAI2 → WHITEXET → WHITEXE2 → WHITEXE1 → WHITDOWE → WHITDOW1 → JALNCHES → BRADJALN → ERNEELVI → WELLBAS1,Adelaide at Ada NB - #20 → Victoria Hospital at Medical Unit Building - #1856 → Sholto at Exeter SB - #1659 → Sholto at Exeter NB - #1658 → Sholto at Jalna Blvd NB - #1660 → Exeter at Sholto WB - #671 → Exeter at Meg EB - #670 → Jalna south of Archer 2 SB - #2598 → Jalna at Meg WB - #1063 → Meg at Exeter SB - #1169 → Meg at Exeter NB - #1168 → Jalna at Ernest south EB - #1057 → Jalna at Augusta WB - #1039 → Jalna at Fairchild WB - #1059 → White Oak Road at Exeter NB - #2906 → White Oak Road at Exeter NS 1 SB - #2904 → White Oak Road at Exeter 2 NB - #2903 → White Oak Road at Dowell NS NB - #2902 → White Oak Road at Dowell FS NB - #2900 → Jalna at Cheswick Circle NB - #1048 → Bradley at Jalna EB - #296 → Ernest at Elvira SB - #658 → Wellington South of Baseline NB - #1923,23,14.04
Route_2,ADELADA1 → FOREHIL2 → FOREHIL1 → WONDOXF4 → WONDOXF3 → OXFOWON2 → WONDOXF1 → WONDOXF2 → OXFOCAP2 → CAPUOXFO → OXFOCAP1 → OXFOLAR2 → OXFOLAR1 → OXFOGUI2 → OXFOJUNI → OXFOFRE1 → OXFOFRE2 → CAPUCAPW → WONDFAR3 → WONDFAR4 → WONDFAR1 → WONDFAR2 → WONDFAR5 → OXFOPRO1 → OXFOPRO2,Adelaide at Ada NB - #20 → Proudfoot at Forest Hills WB - #2342 → Proudfoot at Forest Hills EB - #2341 → Wonderland South of Oxford SB - #2118 → Wonderland at Oxford St NB - #2117 → Oxford at Wonderland WB - #1364 → Wonderland North of Oxford  NB - #2115 → Wonderland North of Oxford SB - #2116 → Oxford at Capulet Lane WB - #1269 → Capulet Lane at Oxford SB - #2390 → Oxford at Capulet Lane EB - #1268 → Oxford at Laurel WB - #1318 → Oxford at Laruel EB - #1317 → Oxford at Guildwood Blvd WB - #1305 → Oxford at Juniper EB - #1316 → Oxford at Freele EB - #1294 → Oxford at Freele WB - #1295 → Capulet Lane at Capulet Walk SB - #322 → Wonderland North of Farrah Stop 2 NB - #2105 → Wonderland North of Farrah Rd SB - #2106 → Wonderland North of Farrah Stop 1 NB - #2103 → Wonderland North of Farrah SB - #2104 → Wonderland south of Farrah NB - #2730 → Oxford at Proudfoot Lane EB - #1327 → Oxford at Proudfoot WB - #1328,25,15.31
Route_3,ADELADA1 → ADELDUN2 → ADELDUN1 → ADELHUR2 → ADELHUR1 → ADELGLEN → ADELKIP2 → ADELKIP1 → ADELWIN1 → ADELWIN2 → WINDADE1 → WINDDOO3,Adelaide at Ada NB - #20 → Adelaide at Dundas SB - #28 → Adelaide at Dundas NB - #27 → Adelaide at Huron SB - #40 → Adelaide at Huron  NB - #39 → Adelaide at Glenora NB - #33 → Adelaide north of Kipps Lane SB - #44 → Adelaide north of Kipps Lane  NB - #43 → Adelaide at Windermere NB - #89 → Adelaide at Windermere SB - #90 → 703 Windermere EB - #2076 → 655 - 665 Windermere EB - #2081,12,14.78
Route_4,ADELADA1 → BEAVOXF2 → BEAVOXF1 → OXFOBEA1 → OXFOBEA2 → PROUFAR1 → PROUBEA3 → BEAVPROU → BEAVHORI → BEAVHOR2 → BEAVWOND → WONDBEA1 → WONDBEA2 → BEAVWON1 → BEAVBLYT → BEAVCAP2 → BEAVWHET → CAPUBLSM → FARRPROU → PROUFAR3 → PROUFAR2 → PROUOXF1 → PROUOXF2 → PROUOXF3 → PROUBEA2,Adelaide at Ada NB - #20 → Beaverbrook at Oxford SB - #227 → Beaverbrook at Oxford NB - #226 → Oxford at Beaverbrook EB - #1263 → Oxford west of Beaverbrook WB - #1264 → Proudfoot north of Farrah NB - #1427 → Proudfoot at Beaverbrook SB - #1425 → Beaverbrook at Proudfoot EB - #2418 → Beaverbrook at Horizon WB - #225 → Beaverbrook at Horizon EB - #2417 → Beaverbrook at Wonderland WB - #228 → Wonderland at Beaverbrook NB - #2097 → Wonderland at Beaverbrook Ave SB - #2098 → Beaverbrook at Wonderland EB - #2389 → Beaverbrook at Blythwood WB - #224 → Beaverbrook at Capulet EB - #2416 → Beaverbrook at Whetherfield EB - #2701 → Capulet Lane at Blacksmith SB - #321 → Farrah at Proudfoot EB - #717 → Proudfoot at Farrah NB - #1429 → Proudfoot at Farrah SB - #1428 → Proudfoot north of Oxford NB - #1430 → Proudfoot at Oxford SB - #1431 → Proudfoot south of Oxford NB - #1432 → Proudfoot at Beaverbrook WB - #1424,25,13.84
Route_5,ADELADA1 → ANDOVIG1 → ANDOVIG2 → ANDONOVE → ANDOELMG → ANDOVIS3 → ANDOVIS2 → VISCPIVA → WONDMMA1 → VISCSTEE → VISCFOXM → VISCWON3 → VISCWON2 → WONDVIS4 → WONDVIS2 → WONDVIS3 → WONDVIL1 → WONDVIL2 → WONDCOM1 → WONDCOM2 → COMMFOE2 → COMMFOE1 → WONDCOM3 → WONDTEE1 → WONDROSE,Adelaide at Ada NB - #20 → Andover at Village Green NB - #160 → Andover at Village Green SB - #161 → Andover at Novello NB - #158 → Andover at Elmgrove Cr SB - #156 → Andover north of Viscount  NB - #164 → Andover at Viscount SB - #163 → Viscount at Pine Valley Dr EB - #1883 → Wonderland North of McMaster NB - #2111 → Viscount at Steeplechase EB - #1884 → Viscount at Foxmill Cr WB - #1875 → Viscount East of Wonderland EB - #1891 → Viscount East of Wonderland WB - #1890 → Wonderland at Viscount Rd SB - #2305 → Wonderland at Viscount NS1 SB - #2138 → 780 Wonderland Rd NB - #2139 → Wonderland at Village Green NB - #2135 → Wonderland at Village Green Ave SB - #2136 → Wonderland South of Commissioners NB - #2100 → Wonderland at Commissioners SB - #2101 → Commissioners at Forest Edge EB - #2465 → Commissioners at Forest Edge WB - #2464 → Wonderland North of Commissioners NB - #2102 → Wonderland at Teeple Terrace NB - #2134 → Wonderland at Rosecliffe Terr. SB - #2124,25,14.96
Route_6,ADELADA1 → CHEAWIL2 → CHEAWIL1 → ADELVIC2 → ADELVIC1 → ADELREG1 → MCNAMEL2 → FULLVES2 → FULLREGA → KIPPBRIA → BRIAMEL2 → HIGHTOW1 → HIGBFUL2 → HIGBFUL1 → HIGBHIC1 → HIGBHIC2 → HUROVES2 → HUROVES1,Adelaide at Ada NB - #20 → Cheapside at William WB - #369 → Cheapside at William EB - #368 → Adelaide at Victoria SB - #88 → Adelaide at Victoria NB - #87 → Adelaide at Regent NB - #74 → McNay at Melsandra SB - #1159 → Fuller at Vesta WB - #752 → Fuller at Regal WB - #750 → Kipps at Briarhill EB - #1097 → Briarhill north of Melsandra SB - #302 → Highbury at Townsend NB - #2712 → Highbury at Fuller SB - #906 → Montcalm Seconday School - #905 → Highbury at Hillcrest NB - #911 → Highbury at Hillcrest SB - #912 → Huron at Vesta WB - #1018 → Huron at Vesta EB - #1017,18,14.7
Route_7,ADELADA1 → YORKREC2 → HUROBARK → BARKHUR1 → BARKHURO → BARKMELS → BARKMEL1 → KIPPBARK → BARKKIPP → CHEABRA2,Adelaide at Ada NB - #20 → York at Rectory WB - #2166 → Huron at Barker WB - #999 → Barker at Huron NB - #2786 → Barker at Huron SB - #176 → Barker at Melsandra NS SB - #2789 → Barker at Melsandra FS NB - #2788 → Kipps at Barker EB - #1095 → Barker at Kipps NS NB - #2787 → Cheapside at Elliott WB - #2209,10,10.63
Route_8,ADELADA1 → EXETMEA5 → EXETMEA2 → EXETBRE2 → EXETBREC → EXETWHIT → EXETBRE1 → WHITEXE3 → WHITDOW2 → JALNFAI1 → BRADWOPS → JALNBRA4 → SOUTVER1,Adelaide at Ada NB - #20 → Exeter at Meadowbrook FS 2 EB - #2826 → Exeter at Meadowbrook NS WB - #2823 → Exeter at Breck NS WB - #2821 → Exeter at Breck FS 1 EB - #2822 → Exeter at White Oak Road WB - #2827 → Exeter at Breck FS 2 EB - #2820 → White Oak Road at Exeter NS 2 SB - #2905 → White Oak Road at Dowell NS SB - #2901 → 1559 Jalna NB - #1058 → White Oaks Elementary School - #2206 → Jalna south of Bradley SB - #1047 → Southdale at Verulam EB - #1700,13,14.84
Route_9,ADELADA1 → ERNEMUR3 → BRADERN2 → BRADJAL1 → JALNCONW → ERNECON1 → ERNEFEN2 → ERNEFEN1 → ERNEFINC → ERNESCO1 → ERNESCO2 → JALNERN4 → BELMSLAW → VISCGAL1 → COMMWHA2 → BASEMGR1 → CATHDEVO,Adelaide at Ada NB - #20 → Ernest at Muriel NB - #666 → Bradley west of Ernest 2 WB - #2791 → Bradley at Jalna FS EB - West Leg - #2792 → Jalna at Conway NB - #2243 → Ernest at Conway NB - #656 → Ernest at Fennel SB - #660 → Ernest at Fennel NB - #659 → Ernest at Finch SB - #661 → Ernest at Scotchmere SB - #668 → Ernest at Scotchmere NB - #669 → Jalna at Ernest south WB - #1056 → Belmont at St Lawrence EB - #236 → Viscount at Galloway Cr FS NB - #1876 → Commissioners at Wharncliffe WB - #2814 → Base Line at McGregor EB - #196 → Cathcart at Devonshire NB - #334,17,15.01
Route_10,ADELADA1 → DUNDHEWI → OXFOSTE2 → REGEWILL → WILLREGE → REGEMAIT → HUROFRAS → HUROCOLB → HUROWAT2 → HUROWAT1 → LAMBMID1 → UNIVSUN2 → UNIVSUN1 → DELAHALL → DELAHAL2 → MIDDPERT → HUROLAMB → ALUMHAL1 → ALUMHAL2 → WESTELG3 → WESTELG2 → WESTLAM1 → WESTLAM2,Adelaide at Ada NB - #20 → Dundas at Hewitt EB - #576 → Oxford at Sterling WB - #1347 → Regent at William EB - #1456 → William at Regent SB - #2071 → Regent at Maitland WB - #1455 → Huron at Fraser WB - #1006 → Huron at Colborne EB - #1005 → Huron at Waterloo WB - #1020 → Huron at Waterloo EB - #1019 → Talbot College NB - #1104 → Elgin Hall WB - #1821 → University Dr at Sunset EB - #1820 → Delaware Hall NB - #510 → Delaware Hall SB - #509 → Talbot College - #1173 → Huron at Lambton NB - #2849 → Alumni Hall EB - #141 → Alumni Hall WB - #142 → Western at Elgin SB - #2889 → Huron College - #1989 → Western at Lambton Dr NB - #2912 → Western at Lambton  SB - #1996,23,14.85
Route_11,ADELADA1 → WILLOSG2 → WILLOSG1 → WILLDEAR → DEARWILL → DEARDUL1 → DEARDUL2 → BRADDEAR → DEARBRAD → BRADWIL4 → BRADAGN1 → BRADAGN2 → OSGOBRE1 → OSGOBRE2 → OSGOMETC → OSGOFITZ → BRADADE1 → BRADADE4 → OSGOKIN1 → OSGOKIN4 → ADELOSG7 → MILLSDA1 → MILLEBU2 → MILLDOWN → MILLSTAN,Adelaide at Ada NB - #20 → Willow at Osgoode WB - #2070 → Willow at Osgoode  EB - #2069 → Willow at Dearness EB - #2068 → Dearness at Willow Lane SB - #508 → Dearness at Dunelm Lane NB - #506 → Dearness at Dunelm Lane SB - #507 → Bradley at Dearness WB - #294 → Dearness at Bradley NB - #505 → Bradley at Willow 2 WB - #2205 → Bradley at Willow 2 EB - #2325 → Bradley at Willow 1 WB - #293 → Osgoode at Breckenridge EB - #1251 → Osgoode at Breckenridge WB - #1252 → Osgoode at Metcalfe EB - #1257 → Osgoode at Fitzroy WB - #1253 → Bradley between Willow & Adelaide  EB - #291 → Bradley between Adelaide & Willow WB - #2324 → Osgoode at Kinburn EB - #1254 → 1081 Osgoode WB - #1256 → Adelaide at Osgoode 3 NB - #66 → Millbank at Southdale NB - #1188 → 131 Millbank - #1183 → Millbank at Downing NB - #1180 → Millbank at Stanhope NB - #1195,25,10.43
Route_12,ADELADA1 → MILLBEX1 → MILLBEX4 → MILLBEX3 → ASHBMIL2 → ASHBMIL1 → BRADMIL1 → NEWBBRA1 → NEWBTOWE → NEWBCON1 → WILTSIS2 → WILTPMI2 → WILTPMI4 → WILTMIDP → HUBRWIL2 → HUBRENT4 → ENTEHUBR → ENTEMID1 → ENTEPOM1 → PONDENT2 → PONDBUC4 → PONDBRA4 → PONDBRA2 → BRADPOM1 → BRADPOMI,Adelaide at Ada NB - #20 → 687 Millbank - #1175 → 720 Millbank - #1178 → Millbank at Bexhill  NB - #1177 → Ashbury at Millbank WB - #169 → Ashbury at Millbank EB - #168 → Bradley at Millbank EB - #2967 → Newbold at Bradley NB - #2335 → Newbold at Towerline EB - #1232 → Newbold at Consortium EB - #1231 → 990 Wilton Grove WB - #2303 → Wilton Grove West of Pond Mills WB - #2299 → Wilton Grove East of Pondmills WB - #2300 → Wilton Grove & Midpark Rd WB - #2297 → Hubrey at Wilton Grove SB - #989 → Hubrey at Enterprise south SB - #988 → Enterprise at Hubrey EB - #651 → Enterprise at Midpark EB - #652 → Enterprise at Pond Mills EB - #653 → Pond Mills at Enterprise SB - #1413 → Pond Mills at Buchanan SB - #1405 → Pond Mills south of Bradley 2 SB - #2262 → Pond Mills south of Bradley SB - #1402 → Bradley at Pond Mills EB - #2970 → Bradley at Pond Mills WB - #2204,25,14.1
Route_13,ADELADA1 → RIVEBRIT → RIVEMURD → RIVEBEA4 → RIVEBEA1 → RIVEORI1 → RIVEORI2 → WONDKIW1 → WONDKIW2 → KINGWON2 → KINGOAK1 → KINGOAK2 → VALEADEV → VALECRAM → VALEDER1 → VALEDER2 → VALEDER4 → VALESHR1 → VALESHR2 → VALECAYL → VALEOAKR → WONDRIV1 → RIVEWON1 → RIVEBRE2 → RIVEBRE1,Adelaide at Ada NB - #20 → Riverside at Britannia WB - #1569 → Riverside at Murdock EB - #1588 → Riverside west of Beaverbrook WB - #1566 → Riverside at Beaverbrook EB - #1564 → Riverside at Old Riverside EB - #1589 → Riverside at Old Riverside WB - #1590 → Wonderland at Kingsway  NB - #2108 → Wonderland at Kingsway Ave SB - #2109 → Kingsway at Wonderland WB - #1092 → Kingsway at Oakridge EB - #1084 → Kingsway at Oakridge WB - #1085 → Valetta at Adevon WB - #1832 → Valetta at Cramston Cres EB - #1834 → Valetta at Deer Park EB - #2458 → Valetta east of Deerpark Cr WB - #1835 → Valetta West of Deerpark WB - #1836 → Valetta at Shrene Terrace EB - #1847 → Valetta at Shrene Terrace WB - #1848 → Valetta at Cayley Dr WB - #1833 → Valetta at Oakridge Dr EB - #1841 → Wonderland at Riverside NB - #2122 → Riverside at Wonderland EB - #1604 → Riverside at Braemar WB - #1568 → Riverside at Braemar EB - #1567,25,13.88
Route_14,ADELADA1 → OXFOCOL1 → CHEAWAT2 → CHEAWAT1 → RICHREG1 → HURORIC1 → HURORIC2 → RICHHUR1 → RICHUNI1 → UNIVRIC1 → RICHUNI2 → RICHBERN → RICHPAR2 → RICHRAY2 → RICHRAY1 → RICHWIN2 → WINDRIC1 → WINDRIC2 → WESTAMB1 → AMBLHILL → WESTAMB2 → RICHWEC1 → RICHHUR2 → COLBDUFF → KINGBUR3,Adelaide at Ada NB - #20 → Oxford at Colborne EB - #1280 → Cheapside at Waterloo WB - #365 → Cheapside at Waterloo EB - #364 → Richmond at Regent NB - #1506 → Huron at Richmond EB - #1013 → Huron at Richmond WB - #1014 → Richmond at Huron NB - #1481 → Richmond at University NB - #1512 → University Main Gates EB - #1818 → Richmond at University SB - #1513 → Richmond at Bernard NB - #2870 → Richmond at Parkdale Ave SB - #1497 → Richmond at Raymond SB - #1503 → Richmond north of Raymond NB - #1502 → Richmond at Windermere SB - #1521 → Windermere at Richmond EB - #2083 → Windermere at Richmond  WB - #2084 → Western at Ambleside Dr NB - #1983 → Ambleside at Hillside WB - #147 → Western at Ambleside Dr SB - #1984 → Richmond at Westchester NB - #1516 → Richmond at Huron SB - #1482 → Colborne at Dufferin SB - #434 → King at Burwell Station EB - #2977,25,13.77
Route_15,ADELADA1 → WELLMON4 → WELLMON1 → WELLMON2 → WELLBRA1 → BRADWEL2 → BRADWEL1 → WELLBRA2 → WHITOMA4 → WHITOMA3 → WHITOMA1 → WHITOMA2 → WELLDEAR → HOLIGREE → WELLEXE2 → HOLIEXET → WELLEXE1 → EXETWEL1 → BES1EXET → BESSHAR1 → BESSBES3 → NEWBBESS → NEWBADE1 → BRADADE3 → ADELOSG4,Adelaide at Ada NB - #20 → Wellington North of Montgomery Gt SB - #1954 → Wellington at Montgomery Gate NB - #1952 → Wellington South of Montgomery Gate SB - #1953 → Wellington North of Bradley  NB - #1926 → Bradley at Wellington WB - #2327 → Bradley west of Wellington Rd EB - #2326 → Wellington at Bradley  SB - #1927 → White Oaks Mall Stop 4 - #2063 → White Oaks Mall Stop 3 - #2060 → White Oaks Mall Stop 2 - #2061 → White Oaks Mall Stop 1 - #2062 → Wellington at Dearness NB - #1935 → Holiday at Greenfield SB - #955 → Wellington at Exeter SB - #1941 → Holiday at Exeter SB - #954 → Wellington at Exeter NB - #1940 → Exeter at Wellington EB - #672 → Bessemer at Exeter NB - #250 → Bessemer at Hargrieve NB - #253 → Bessemer at Bessemer Crt 2 NB - #252 → Newbold at Bessemer EB - #1229 → Newbold at Adelaide EB - #1228 → Bradley at Adelaide EB - #2203 → Adelaide at SE Osgoode SB - #63,25,11.8
Route_16,ADELADA1 → WHAROXF1 → WHAROXF2 → WHARMCDO → WESTESSE → WESTHOL1 → WESTHOL2 → WESTPLA2 → WESTPLA1 → WESTSAR4 → WESTPHA1 → WESTSAR2 → AZIZWEST → WESTPHA3 → SARNWES2 → SARNWES1 → SARNCOOM → SARNBRES → SARNSLEI → SARNCAS3 → PLATTRO1 → PLATTRO2 → OXFORAT2 → OXFORAT1,Adelaide at Ada NB - #20 → Wharncliffe at Oxford NB - #2046 → Wharncliffe at Oxford SB - #2047 → Western at Essex SB - #2042 → Western at Essex St NB - #1991 → Western at Hollywood Cres NB - #1992 → Western at Hollywood Crt SB - #1993 → Western at Platts Lane SB - #2002 → Western at Platts Lane NB - #2001 → Althouse College - #2004 → Western South of Phillip Aziz NB - #2290 → Western at Sarnia Rd SB - #2003 → Philip Aziz at Western NB - #2785 → Western North of Phillip Aziz  NB - #2291 → Sarnia at Western  WB - #1647 → Sarnia at Western EB - #1646 → Sarnia at Coombs EB - #1640 → Sarnia at Brescia Lane WB - #1637 → Sarnia at Sleightholme WB - #1644 → Sarnia at Castlegrove Blvd  2 EB - #1639 → Platts Lane at Trott NB - #1393 → Platts Lane at Trott SB - #1394 → Oxford at Rathowen WB - #1332 → Oxford at Rathowen EB - #1331,24,12.4
Route_17,ADELADA1 → DUNDADE1 → CHEABRA1 → CHEAGAM2 → CHEAGAM1 → MELSSUSS → MELSBRIA → HUROBRI3 → HUROBRI1 → BRIAHURO → HUROMCN2 → HUROMCN1 → MCNAHUR1 → MCNAHUR2 → MCNAROC2 → MCNAVIC3 → MCNAVIC2 → MCNACHEA → CHEAMCNA → CHEABOU2 → CHEABOU1 → CHEABARK → CHEASTER,Adelaide at Ada NB - #20 → Dundas at Adelaide EB - #537 → Cheapside at Brampton EB - #351 → Cheapside at Gammage WB - #355 → Cheapside at Gammage EB - #354 → Melsandra at Sussex WB - #1171 → Melsandra at Briarhill WB - #1170 → 945 Huron - #2306 → Huron at Briarhill EB - #1002 → Briarhill at Huron SB - #300 → Huron at McNay WB - #1012 → Huron at McNay EB - #1011 → McNay at Huron NB - #1156 → McNay at Huron SB - #1157 → McNay at Rock SB - #1161 → McNay south of Victoria NB - #1164 → McNay at Victoria SB - #1163 → McNay at Cheapside SB - #1155 → Cheapside at McNay EB - #359 → Cheapside at Boullee WB - #350 → Cheapside at Boullee EB - #349 → Cheapside at Barker EB - #348 → Cheapside at Sterling WB - #361,23,11.69
Route_18,ADELADA1 → FLORFAI1 → MORNOXF4 → SANDBEC2 → SANDHUR1 → HUROSAN1 → HUROSAN2 → HUROWEB2 → HUROWEB1 → HUROBRI2 → HUROADE6 → HAMILTGR,Adelaide at Ada NB - #20 → Florence at Fairgrounds south Gate EB - #740 → 600 Mornington SB - #1216 → Sandford at Beckworth SB - #1619 → Sandford at Huron NB - #1623 → Huron at Sandford EB - #1015 → Huron at Sandford WB - #1016 → Huron at Webster WB - #1022 → Huron at Webster Stop 1 EB - #1021 → Huron at Briarhill WB - #1003 → 648 Huron - #998 → Hamilton at Little Grey WB - #863,12,13.32
Route_19,ADELADA1 → DUNDFIR1 → DUNDFIR2 → DUNDBUR2 → DUNDSASK → DUNDTHR → DUNDMANI → DUNDBEA2 → DUNDBEA1 → DUNDCLK1 → DUNDCLK4 → CLARDUN2 → CLARDUN1 → CLARAVA1 → CLARAVA2 → CLARPKH1 → CLARPKH2 → DUNDEAS3 → DUNDEAS2 → DUNDARVI → DUNDWAV1 → WAVEDUN6 → ADMIBON1 → ADMIKIP1 → HALETRA2,Adelaide at Ada NB - #20 → Dundas at First EB - #566 → Dundas east of First WB - #567 → Dundas at Second WB - #546 → Dundas at Saskatoon EB - #602 → Dundas at Third WB - #612 → Dundas at Calgary EB - #587 → Dundas at Beatrice WB - #544 → Dundas at Beatrice EB - #543 → Dundas at Clarke EB - #550 → Dundas at Clarke WB - #551 → Clarke at Dundas SB - #403 → Clarke at Dundas NB - #402 → Clarke at Avalon NB - #394 → Clarke at Avalon SB - #2329 → Clarke at Parkhurst NB - #410 → Clarke at Parkhurst SB - #411 → Dundas east of Eastwood EB - #557 → Dundas at Eastwood WB - #556 → Dundas at Arvilla WB - #539 → Dundas east of Wavell EB - #617 → Wavell at Dundas SB - #1906 → Admiral at Bonaventure EB - #93 → 319 Admiral - #97 → Hale at Trafalgar SB - #842,25,14.83
Route_20,ADELADA1 → RIVEWOO1 → RIVEWOO2 → WOODRIVE → SARNALD2 → SARNTHIS → SARNWON1 → OXFOCHE2 → CHEROXF2 → CHEROXF1 → CHERCHC1 → CHERCHBL → CHERCHC3 → CHERCHC4 → CHERPLA1 → PLATCHE2 → PLATOXF1 → PLATOXF2 → OXFOPLAT → OXFOBRI1 → WOODCAM2 → WOODCAM1 → WOODEDI1 → WOODEDI2 → GREYCOLB,Adelaide at Ada NB - #20 → Riverside at Woodward EB - #1606 → Riverside at Woodward WB - #1607 → Woodward at Riverside  NB - #2144 → Sarnia at Aldersbrook WB - #1636 → Sarnia at Thistledown Way WB - #1645 → Sarnia at Chapman EB - #1648 → Oxford at Cherryhill Blvd WB - #1271 → Cherryhill at Oxford SB - #379 → Cherryhill north of Oxford 1 NB - #378 → Cherryhill at Cherryhill Blvd NB - #372 → Cherryhill at Cherryhill Blvd WB - #371 → Cherryhill east of Cherryhill Cir EB - #374 → 160 Cherryhill Place - #375 → Cherryhill at Platts Lane EB - #381 → Platts Lane at Cherryhill Place SB - #1390 → Platts Lane at Oxford NB - #1391 → Platts Lane at Oxford SB - #1392 → Oxford at Platts Lane WB - #1326 → Oxford at Britannia EB - #1266 → Woodward at Cambridge SB - #2141 → Woodward at Cambridge NB - #2140 → Woodward at Edinburgh  NB - #2142 → Woodward at Edinburgh SB - #2143 → Grey at Colborne WB - #804,25,14.72
Route_21,ADELADA1 → WHARBYR2 → SPRIGRE2 → SPRIGRE1 → SPRIFORH → SPRIGROW → SPRICHEL → SPRIKER1 → KERNSPR1 → KERNRID1 → RIDGKER2 → GARDRID2 → SPRIQUI2 → SPRIJAR2 → SPRIJAR1 → SPRIQUI1 → BERKSPR1 → GARDSOU3 → GARDSOU2 → BERKROB2 → BERKROB1 → BERKTOP2 → BERKTOP1 → TOPPCOM1 → COMMTOP2,Adelaide at Ada NB - #20 → Wharncliffe at Byron  SB - #2023 → Springbank at Greenside WB - #1736 → Springbank at Greenside EB - #1735 → Springbank at Forest Hill WB - #2688 → Springbank at Greenwood EB - #1737 → Springbank at Chelsea WB - #1732 → Springbank at Kernohan Parkway EB - #1742 → Kernohan at Springbank Dr SB - #2763 → Kernohan at Ridgewood Cres NB - #2762 → Ridgewood at Kernohan WB - #2272 → Gardenwood east of Ridgewood WB - #763 → Springbank at Quinella WB - #1747 → Springbank at Jarvis St WB - #1741 → Springbank at Jarvis St EB - #1740 → Springbank at Quinella EB - #1746 → Berkshire at Springbank NB - #244 → 57 Gardenwood NB - #767 → Gardenwood at Southcrest SB - #766 → Berkshire at Robin SB - #243 → Berkshire at Robin NB - #242 → Berkshire at Topping Lane SB - #247 → Berkshire at Topping Lane NB - #246 → Topping Lane at Commissioners NB - #2770 → Commissioners at Topping Lane EB - #2467,25,14.47
Route_22,ADELADA1 → FERNHAM1 → SOUTWHOK → SOUTHOME → SOUTWHA4 → SOUTWHA3 → WHARSOUT → SOUTWHA1 → SOUTWHA2 → WHARLEGE → SOUTNOD3 → SOUTNOD2 → NOTRSDAL → SOUTNOD1 → SOUTNOD4 → SOUTSPRI → SOUTAND2 → SOUTAND1 → WONDPVA4 → WONDMMA3 → WONDPVA1 → WONDPVA2 → WHARWDAL → FERNCONT → FERNHOM1,Adelaide at Ada NB - #20 → Ferndale at Hampstead EB - #2641 → Southdale at White Oak Sideroad EB - #1710 → Southdale at Homeview WB - #1680 → Southdale East of Wharncliffe WB - #1709 → Southdale East of Wharncliffe EB - #1708 → Wharncliffe & Southdale NS SB - #2594 → Southdale West of Wharncliffe  EB - #1706 → Southdale West of Wharncliffe WB - #1707 → Wharncliffe & Legendary FS SB - #2593 → Southdale East of Notre Dame Dr EB - #2337 → Southdale East of Notre Dame WB - #1695 → Notre Dame at Southdale NB - #2591 → Southdale West of Notre Dame Dr  EB - #1694 → Southdale West of Notre Dame WB - #1696 → Southdale at Springmeadow EB - #2749 → Southdale at Andover  WB - #1669 → Southdale at Andover EB - #1668 → Wonderland at  PineValley Lane SB - #2121 → Wonderland South of McMaster NB - #2113 → Wonderland at PineValley Gate NB - #2119 → Wonderland at Pine Valley Blvd SB - #2120 → Wharncliffe at Westdale SB - #2056 → Ferndale at Country Club Drive WB - #721 → Ferndale at Homeview EB - #2643,25,14.27
Route_23,ADELADA1 → EDENVERU → SOUTVER2 → JALNPOP1 → JALNBEE2 → JALNBEE1 → JALNTUMB → JALNPON1 → JALNBEM2 → JALNBRA3 → BRADJAL2 → BRADMEDI → JALNBRA1 → WHOKMANB → WHOKMASB → JALNPIER → SHOLJAL2 → BRADWEL3 → BRADWIL1 → BRADADE2 → ADELOSG5 → OSGOWOO2 → OSGOWOO1 → ADELOSG2 → ADELTHO8,Adelaide at Ada NB - #20 → Eden at Verulam EB - #629 → Southdale at Verulam WB - #1701 → Jalna at Poplar WB - #1067 → Jalna at Beechbank Cr SB - #1041 → Jalna at Beechbank NB - #1040 → Jalna at Tumbleweed SB - #1072 → Jalna at Ponderosa NB - #1065 → Jalna at Beechmount SB - #1043 → Jalna north of Bradley NB - #1046 → Bradley west of Jalna WB - East Leg - #2793 → Bradley at Jalna East EB - #2597 → 1102 Jalna - #1044 → Jalna at White Oaks Mall NB - #2295 → Jalna at White Oaks Mall SB - #2296 → Jalna at Piers NB - #1064 → Jalna at Archer N Leg SB - #1661 → Bradley east of Wellington Rd EB - #297 → Bradley at Willow 1 EB - #298 → Bradley at Adelaide  WB - #292 → Adelaide at SE Osgoode NS NB - #64 → Osgoode at Woodrow WB - #1259 → Osgoode at Woodrow EB - #1258 → Adelaide at NW Osgoode SB - #61 → 247 Adelaide SB - #86,25,12.25
Route_24,ADELADA1 → HIGBLPH2 → HIGBLPH1 → OXFOROE2 → FANSCOLL → OXFOSEC1 → OXFOSEC2 → OXFOTHI1 → OXFOTHI2 → THIROXF1 → THIROXF2 → THIROFO2 → THIRCUL1 → CULVCLA2 → CULVCUL5 → CULVCLA4 → CULVCLA1 → CLARCULV → CLARPACI → CULVCUL3 → CULVCUL4 → CULVCUL1 → CULVCUL2 → CULVTHR1 → CULVTHR2,Adelaide at Ada NB - #20 → Highbury at Corrine SB - #920 → Highbury at Corrine NB - #919 → Oxford at Roehampton WB - #1336 → Fanshawe College - #2914 → Oxford at Second EB - #1343 → Oxford at Fanshawe College Blvd WB - #1344 → Oxford at Third EB - #1352 → Oxford at Third WB - #1353 → Third at Oxford NB - #1771 → Third at Oxford  SB - #1772 → Third South of Oxford SB - #2600 → Third at Culver Dr NB - #1769 → 1826 Culver WB - #493 → Culver north of Culver Place EB - #498 → Culver at Clarke WB - #494 → Clarke at Culver SB - #492 → Clarke south of Culver SB - #400 → Clarke at Pacific NB - #409 → Culver east of Culver Place EB - #496 → Culver at Culver Cres. WB - #497 → Culver at Culver Cres EB - #495 → Culver at Culver Court WB - #2313 → Culver at Third EB - #499 → Culver at Third WB - #500,25,12.77
Route_25,ADELADA1 → HIGVWHA2 → HIGVWHA3 → HIGVWHA4 → HIGVWHA1 → HIGVROS2 → HIGVROS1 → HIGVROS3 → HIGVROS4 → HIGVFER2 → HIGVFER1 → BELMWHAR → BELMHILL → VISCGARD → WESTMAL1 → WESTMAL2 → WONDMMA4 → NOTRVISC → VISCGAL3 → VISCGAL2 → VISCTAV2 → VISCTAV1 → BASEWES1 → BASEWES4 → BASEWES2,Adelaide at Ada NB - #20 → 90 Highview - #950 → 89 Highview - #2236 → Highview at Wharncliffe WB - #951 → Highview at Wharncliffe EB - #949 → Highview at Rossmore Crt SB - #946 → Highview at Rossmore Crt NB - #945 → Highview at Rossmore Place NB - #947 → Highview at Rossmore Place SB - #948 → Highview at Ferndale SB - #944 → Highview at Ferndale NB - #943 → Belmont at Wharncliffe EB - #237 → Belmont at Hillsborough EB - #234 → Viscount at Gardenvale WB - #1879 → Westmount Mall at Stop 1 - #1997 → Westmount Mall at Stop 2 - #1998 → Wonderland North of McMaster SB - #2114 → Notre Dame at Viscount SB - #1240 → Viscount at Galloway Cr NS NB - #1878 → Viscount South of Galloway Cr SB - #1877 → Viscount at Tavistock Rd 1 SB - #1886 → Viscount at Tavistock Rd NB - #1885 → Base Line east of West St  EB - #211 → 90 Base Line WB - #214 → 30 Base Line WB - #212,25,14.61
Route_26,ADELADA1 → FERNVIN1 → DUNDHARC → DUNDHIN1 → DUNDHIN2 → DUNDSTOC → DUNDSDAL → SOUTDUN2 → SOUTJAL1 → SOUTDUL2 → SOUTDUL1 → JALNSDAL → JALNJOS2 → JALNJOS1 → JALNJOS4 → JALNCOLE → JALNERI2 → JALNERI1 → JALNERI4 → JALNBRA7 → BRADJAL3 → WHITBRAD → FERNHAM2,Adelaide at Ada NB - #20 → Ferndale at Vincent WB - #2645 → Dundalk at Harcroft Cres SB - #575 → Dundalk at Hines NB - #579 → Dundalk at Hines SB - #580 → Dundalk at Stockton NB - #608 → Dundalk at Southdale SB - #604 → Southdale at Dundalk WB - #1675 → Southdale East of Jalna Blvd EB - #1681 → Southdale at Dulaney WB - #1674 → Southdale at Dulaney Dr. EB - #1673 → Jalna at Southdale NB - #1071 → Jalna north of Josselyn SB - #1061 → Jalna at Josselyn NB - #1060 → Jalna south of Josselyn SB - #1062 → Jalna at Colette NB - #1050 → Jalna at Erica north SB - #1052 → Jalna at Erica NB - #1051 → Jalna at Erica south SB - #1053 → Jalna south of Bradley NB - #2242 → Bradley west of Jalna WB - West Leg - #2794 → White Oak Road at Bradley NS NB - #2899 → Ferndale at Hampstead WB - #2642,23,11.41
Route_27,ADELADA1 → EMERPADD → MACKEMER → EMERWIN1 → EMERWIN2 → EMERHIW2 → EMERHIW1 → EMERPHY2 → EMERPHY1 → EMERRIDG → SOUTBEA1 → SOUTBAS2 → SOUTBAS1 → SOUTGAR2 → SOUTGAR1 → GARDBER1 → BERKGAR2 → BERKGAR1 → BERKGAR4 → BERKBER1 → BERKSPR2 → HYDERIVE → WONDSPR1 → SPRIBER1 → WELLGRA2,Adelaide at Ada NB - #20 → Emery at Paddington EB - #646 → MacKay at Emery SB - #1131 → Emery west of Winston EB - #649 → Emery at Winston WB - #650 → Emery at Highwood WB - #645 → Emery at Highwood EB - #644 → Emery at Phyllis WB - #648 → Emery at Phyllis EB - #647 → Emery at Ridgewood WB - #2220 → Southcrest at Beachwood EB - #1670 → Southcrest at Base Line EB - #2765 → Southcrest at Base Line Rd WB - #2764 → Southcrest east of Gardenwood EB - #2767 → Southcrest at Gardenwood Dr WB - #2766 → Gardenwood at Berkshire NB - #759 → Berkshire south of Gardenwood SB - #2198 → Berkshire at Gardenwood NB - #240 → Berkshire north of Gardenwood SB - #241 → Berkshire at Berkshire Place NB - #2195 → Berkshire at Springbank SB - #245 → Hyde Park at Riverside NB - #1031 → Wonderland at Springbank NB - #2132 → Springbank at Berkshire Dr FS 1 EB - #1728 → Wellington at Grand SB - #1943,25,15.27
Route_28,ADELADA1 → COMMHIG1 → COMMMED2 → COMMMED1 → COMMMEDG → MEADREA1 → MEADREA3 → MEADEVAN → MEADGOOD → MEADDORM → DARNMEAD → LIGHWHSA → LIGHEMER → LIGHREAR → REARCHE1 → REARROTH → GOREBRA2 → GOREBRAE → GOREFIR2 → GOREFIRE → CLARFIS1 → CLARFIS2 → MARCWOOD → HALEMAGE → HIGBMAGE,Adelaide at Ada NB - #20 → Commissioners at Highbury EB - #2453 → Commissioners at Meadowlilly WB - #2216 → Commissioners at Meadowlilly EB - #2215 → Commissioners at Meadowgate EB - #2392 → Meadowgate at Reardon NB - #1165 → Meadowgate at Reardon SB - #2485 → Meadowgate at Evans SB - #2483 → Meadowgate at Goodfellow SB - #2484 → Meadowgate at Dormer SB - #2482 → Darnley at Meadowgate EB - #2468 → Lighthouse at White Sands NB - #2478 → Lighthouse at Emerald NB - #2476 → Lighthouse at Reardon NB - #2477 → Reardon at Chelton WB - #2486 → Reardon at Rothwell WB - #1454 → Gore at Braesyde EB - #2646 → Gore at Braeside WB - #783 → Gore at Firestone EB - #2647 → Gore at Firestone WB - #785 → Clarke at Firestone NB - #404 → Clarke at Firestone SB - #405 → Marconi at Woodview WB - #2671 → Hale at Magee SB - #837 → Highbury at Magee NB - #921,25,15.1
Route_29,ADELADA1 → FLORFAI2 → MORNSAL1 → MORNMOR4 → MORNCON2 → MORNCON1 → MORNCON3 → HIGBOXF2 → HIGBOXF1 → HIGBOXF4 → OXFOHIG3 → OXFOHIG4 → HIGBOXF3 → HIGBLAN1 → HIGBLAN2 → HIGBCHE2 → HIGBCHE1 → HIGBGOD2 → HIGBGOD1 → HUROHIG3 → HUROHIG2 → HIGBHURO → HUROHIG4 → HUROHIG1 → DUNDONT1,Adelaide at Ada NB - #20 → Florence at Fairgrounds south Gate WB - #741 → Mornington at Salisbury EB - #1217 → Mornington west of Connaught WB - #2252 → Mornington east of Connaught WB - #1208 → Mornington at Connaught EB - #1207 → 590 Mornington EB - #2251 → 953 Highbury - #923 → Highbury south of Oxford NB - #922 → Oxbury Centre SB - #925 → Oxford at Highbury EB - #1309 → John Paul Secondary School WB - #1310 → John Paul Seconday School NB - #924 → Robarts School - #916 → Highbury at Landor SB - #917 → Highbury at Cheapside SB - #899 → Highbury at Cheapside NB - #898 → Highbury at Godfrey SB - #908 → Highbury at Godfrey NB - #907 → Huron east of Highbury EB - #1009 → Huron east of Highbury WB - #1008 → Highbury at Huron NB - #913 → Huron west of Highbury WB - #1010 → Huron west of Highbury EB - #2241 → Dundas at Ontario EB - #592,25,11.23
Route_30,ADELADA1 → TRAFSTE2 → TRAFSTE1 → TRAFTHO2 → TRAFTHO1 → TRAFVAN2 → TRAFVAN1 → TRAFBALF → TRAFDAWN → TRAFATK2 → HUDSTRAF → MARCTRAF → TRAFCLA1 → TRAFCLA4 → CLARTRA1 → TRAFCLA2 → CLARTRA4 → MARCNOEL → BOWBANC → HUDSBAFF → HUDSFROB → NOELBOW → MARCNOE2 → CLARCHA3 → CLARCHA2,Adelaide at Ada NB - #20 → Trafalgar at Stevenson Ave WB - #1800 → Trafalgar at Stevenson Ave EB - #1799 → Trafalgar at Thorne WB - #1802 → Trafalgar at Thorne Ave EB - #1801 → Trafalgar at Vancouver  WB - #1804 → Trafalgar at Vancouver  EB - #1803 → Trafalgar at Balfour Place EB - #1789 → Trafalgar at Dawn WB - #1794 → Trafalgar at Atkinson WB - #1788 → Hudson at Trafalgar NB - #993 → Marconi at Trafalgar SB - #1139 → Trafalgar at Clarke Rd EB - #1791 → Trafalgar West of Clarke Rd WB - #1793 → Clarke north of Trafalgar NB - #417 → Trafalgar at Clarke Rd WB - #1792 → Clarke south of Trafalgar SB - #419 → Marconi at Noel SB - #1137 → Bow at Bancroft EB - #290 → Hudson at Baffin Place EB - #990 → Hudson at Frobisher EB - #991 → Noel at Bow EB - #1238 → Marconi at Noel NB - #2668 → Marconi Club NB - #397 → Clarke at Charterhouse SB - #396,25,14.89
Route_31,ADELADA1 → EDENEAS2 → EDENEAS1 → SOUTEAS2 → ERNEBRA1 → ERNEBRA2 → BRADERN1 → ERNECON2 → BRADERNE → ERNEPAUL → ERNEMUR1 → ERNEJAL2 → JALNERN3 → ERNEJAL1 → SOUTNIX2 → SOUTNIX1 → SOUTERNE → NIXOWIMB → NIXOSDAL → NIXOCRE2 → NIXOEDEN → EDENNIX,Adelaide at Ada NB - #20 → Eden at Easy WB - #627 → Eden at Easy EB - #626 → Southdale at Easy WB - #1678 → Ernest at Bradley NB - #654 → Ernest at Bradley SB - #655 → Bradley west of Ernest WB - #2790 → Ernest at Conway SB - #657 → Bradley at Ernest Ave EB - #295 → Ernest at Pauline SB - #667 → Opposite Sir Aurther Carty PS - #665 → Ernest at Jalna SB - #663 → Jalna at Ernest north EB - #1055 → Ernest at Jalna NB - #662 → Southdale at Nixon WB - #1692 → Southdale at Nixon EB - #1691 → Southdale at Ernest St EB - #1691 → Nixon at Southdale NB - #1237 → Nixon at Southdale SB - #1236 → Nixon at Creston SB - #1234 → Nixon at Eden NB - #1235 → Eden at Nixon WB - #628,22,9.8
Route_32,ADELADA1 → HAMIMEA1 → HAMIMEA3 → HAMIYMCA → HAMIWATM → HAMIGORE → HAMIVALL → HAMIBRA3 → HAMIOAKL → HAMIBRA1 → HAMIBRA2 → HAMIRIRU → HAMIRIV2 → HAMICRI1 → HAMICRI2 → HAMIGOR1 → HAMICLA1 → HAMWILD1 → HAMWILD2 → CLARPEN2 → CLARPEN1 → CLARBAY2 → CLARBAY1 → CLARGOR2 → CLARGORE,Adelaide at Ada NB - #20 → Hamilton west of Meadowlilly EB - #866 → Hamilton east of Meadowlilly EB - #867 → Hamilton east of Meadowlily WB - #2662 → Hamilton at Watmar EB - #887 → Hamilton at Gore EB - #858 → Hamilton at Gore WB - #2660 → Hamilton west of Braesyde EB - #848 → Hamilton west of Braeside WB - #2658 → Hamilton east of Braesyde EB - #847 → Hamilton at Braesyde WB - #2652 → Hamilton at River Run Terrace EB - #878 → Hamilton at River Run WB - #2659 → Hamilton at Crimson WB - #2654 → Hamilton at Crimson EB - #2655 → Hamilton at Clarke WB - #2657 → Clarke at Hamilton NB - #2653 → Hamilton at Wildgoose WB - #2957  → Hamilton at Wildgoose EB - #2958  → Clarke & Pension NB - #2640 → Clarke & Pension SB - #2639 → Clarke & Bayview NS NB - #2636 → Clarke & Bayview NS SB - #2637 → Clarke & Gore NS SB - #2638 → Clarke at Gore NB - #406,25,12.47
Route_33,ADELADA1 → OXFOELI1 → OXFOELI2 → OXFOELL1 → OXFOELL2 → OXFOGAM1 → OXFOGAM2 → OXFOSTE1 → OXFOQUE1 → OXFOQUE2 → OXFOSTRA → OXFOSTUA → OXFOLYMA → OXFOSPIT → OXFOCLE2 → OXFOCLE1 → OXFOOAKS → OXFOEMPI → OXFOMORN → OXFOWIST → OXFOHIG2 → OXFOHIG1 → MORNOXF2 → MORNSAL2 → QUEBDUND,Adelaide at Ada NB - #20 → Oxford at Elizabeth EB - #1285 → Oxford at Elizabeth WB - #1286 → Oxford at Elliott EB - #1287 → Oxford at Elliott WB - #1288 → Oxford at Gammage EB - #1296 → Oxford at Gammage WB - #1297 → Oxford at Sterling EB - #1346 → Oxford at Quebec EB - #1329 → Oxford at Quebec WB - #1330 → Oxford at Strand EB - #1348 → Oxford at Stuart WB - #1349 → Oxford at Lyman WB - #1319 → Oxford at Spittal EB - #1345 → Oxford at Clemens WB - #1279 → Oxford at Clemens EB - #1278 → Oxford at Oakside WB - #1323 → Oxford at Empire EB - #1289 → Oxford at Mornington EB - #1322 → Oxford at Wistow WB - #1362 → Oxford at Highbury WB - #1308 → Oxbury Centre EB - #1307 → 632 Mornington - #1214 → Mornington at Salisbury WB - #1218 → Quebec at Dundas NB - #1435,25,9.19
Route_34,ADELADA1 → ADELDUFR → OXFOWIL1 → OXFOMAI1 → OXFOMAI2 → CHEARICH → RICHVIC1 → RICHVIC2 → RICHCHE2 → RICHCHE1 → RICHGRO1 → RICHGRO2 → RICHJAM2 → RICHJAM1 → OXFOTAL2 → OXFOTAL1 → OXFOGEO2 → OXFOGEO1 → OXFORIC2 → RICHOXF1 → OXFORIC1 → OXFOWEL1 → OXFOWEL2 → OXFOWAT1 → HORTHAMI,Adelaide at Ada NB - #20 → Adelaide at Dufferin SB - #2690 → Oxford at William EB - #1360 → Oxford at Maitland EB - #1320 → Oxford at Maitland WB - #1321 → Cheapside at Richmond WB - #360 → Richmond at Victoria NB - #1514 → Richmond at Victoria SB - #1515 → Richmond at Cheapside SB - #1465 → Richmond at Cheapside NB - #1464 → Richmond at Grosvenor NB - #1476 → Richmond at Grosvenor SB - #1477 → Richmond at St. James SB - #1487 → Richmond at St. James NB - #1486 → Oxford at Talbot WB - #1351 → Oxford at Talbot EB - #1350 → Oxford at St. George WB - #1299 → Oxford at St. George EB - #1298 → Oxford at Richmond WB - #1334 → Richmond at Oxford NB - #1494 → Oxford at Richmond EB - #1333 → Oxford at Wellington EB - #1356 → Oxford at Wellington WB - #1357 → Oxford at Waterloo EB - #1354 → Horton at Hamilton WB - #966,25,9.98
Route_35,ADELADA1 → HIGBBRY2 → BRYDHAL1 → HALEBRY1 → HALEBRY2 → BRYDHAL2 → BRYDCORN → BRYDGRAY → WAVEKIW1 → WAVEKIW2 → WAVESASK → WAVEVANC → WAVEWIN2 → INDUPAG3 → INDUPAG1 → DUNDFOR1 → CLARWHI2 → CLARCHU1 → CLARWAV1 → CLARROY3 → CLARROY2 → CLARROY1 → CLARSUD2 → HALESTE1 → HALESTE2,Adelaide at Ada NB - #20 → Highbury at Brydges SB - #896 → Brydges at Hale EB - #305 → Hale at Brydges NB - #829 → Hale at Brydges SB - #830 → Brydges at Hale WB - #306 → Brydges at Cornish EB - #2207 → Brydges at Graydon WB - #2208 → Wavell at Kiwanis Park Dr EB - #1910 → Wavell at Kiwanis Park Dr WB - #1911 → Wavell at Saskatoon St WB - #1915 → Wavell at Vancouver St. EB - #1916 → Wavell at Winnipeg Blvd WB - #1918 → Industrial north of Page 2 NB - #1036 → Industrial north of Page 1 NB - #1035 → Dundas at Forest Lawn EB - #569 → Clarke at Whitney SB - #2212 → Clarke at Churchill NB - #398 → Clarke Road Secondary School - #420 → Clarke at Royal North NB - #414 → Clarke at Royal SB - #413 → Clarke at Royal South NB - #412 → Clarke at Sudbury SB - #416 → Hale at Stevenson NB - #839 → Hale at Stevenson SB - #840,25,15.24
Route_36,ADELADA1 → PONDBAN2 → PONDBAN1 → DEVEPOND → PONDDEV1 → PONDDEV4 → MILLSHA2 → MILLSHA1 → MILLPAR2 → MILLPAR1 → MILLSHA3 → MILLSHA4 → WILTSIS4 → SOUTMIL4 → SOUTMIL3 → DOWASH2 → DOWASH1 → ASHBSUR1 → ASHBSUR2 → BRADMIL2 → OSGOADE1 → ADELOSG1 → ADELOSG6 → OSGOADE3 → OSGOKIN2,Adelaide at Ada NB - #20 → Pond Mills at Banbury SB - #1401 → Pond Mills at Banbury NB - #1400 → Deveron at Pond Mills EB - #2819 → Pond Mills at Deveron NB - #2264 → Pond Mills south of Deveron SB - #1411 → Millbank at Shaftsbury east SB - #1192 → Millbank at Shaftsbury east NB - #1191 → Millbank at Parliament WB - #1187 → Millbank at Parliament EB - #1186 → Millbank at Shaftsbury NB - #1193 → Millbank at Shaftsbury west SB - #1194 → Wilton Grove at Sise Rd WB - #2075 → 964 Southdale WB - #1688 → St Francis Elementary School EB - #1687 → Dow at Ashbury WB - #529 → Dow at Ashbury EB - #528 → Ashbury at Surrey Cres NB - #170 → Ashbury at Surrey Cres SB - #171 → Bradley at Millbank WB - #2968 → Osgoode east of Adelaide EB - #1249 → Adelaide at SE Osgoode NB - #60 → Adelaide at SW Osgoode SB - #65 → Osgoode west of Adelaide EB - #1250 → Osgoode at Kinburn WB - #1255,25,15.18
Route_37,ADELADA1 → COMMWORT → COMMCAR2 → COMMCAR1 → COMMHILD → COMMWHA1 → COMMWHAR → WHARCOM2 → WHARCOM1 → COMMGRD2 → COMMGRD1 → COMMHUXL → COMMVISC → VISCCOM2 → COMMWES1 → COMMAND1 → ANDOCOM1 → ANDOCOM2 → COMMBEA1 → COMMBEA2 → BEACBAS2 → BEACBAS1 → BASEWES3 → BASECOTS → CATHLANG,Adelaide at Ada NB - #20 → Commissioners at Wortley WB - #2815 → Commissioners at Carnegie WB - #2803 → Commissioners at Carnegie EB - #2802 → Commissioners at Highland WB - #2807 → Commissioners at Wharncliffe FS EB - #2813 → COMMISSIONERS & WHARNCLIF - #2312 → Wharncliffe at Commissioners SB - #2027 → Wharncliffe at Commissioners NB - #2026 → Commissioners at Gordon WB - #457 → Commissioners at Gordon EB - #456 → Commissioners at Huxley WB - #461 → Commissioners at Viscount EB - #483 → Viscount AT Commissioners SB - #1872 → Commissioners at West WB - #2759 → Commissioners at Andover EB - #2758 → Andover at Commissioners NB - #154 → Andover at Commissioners SB - #155 → Commissioners at Beachwood WB - #2461 → Commissioners west of Beachwood EB - #2462 → Beachwood at Base Line SB - #223 → Beachwood at Base Line NB - #222 → Base Line west of West St  EB - #213 → Base Line at Cotswold WB - #2605 → Cathcart at Langarth NB - #339,25,10.26
Route_38,ADELADA1 → WELLGRA1 → CARFWOOD → ELMWWORT → WHARTEC2 → WHARTEC1 → WHARELM1 → WHARELM2 → SPRIKER2 → WONDRIV2 → KINGWON1 → OXFOWON1 → PROUBEA1 → OXFOBEA4 → RIVEBEA2 → RIVECAVE → RIVEMTPL → WHARRIG1 → WHARRIG2 → HORTWHA3 → HORTWHA4 → HORTMAIT → HAMIWIL1,Adelaide at Ada NB - #20 → Wellington at Grand Ave NB - #1942 → Carfrae at Woodland Pl SB - #326 → Elmwood at Wortley WB - #643 → Wharncliffe at Tecumseh SB - #2055 → Wharncliffe at Tecumseh NB - #2054 → Wharncliffe at Elmwood NB - #2031 → Wharncliffe at Elmwood SB - #2032 → Springbank at Kernohan Pkwy WB - #1743 → Wonderland at Riverside Dr SB - #2123 → Kingsway at Wonderland EB - #1091 → Oxford at Wonderland EB - #1363 → Proudfoot at Beaverbrook EB - #1423 → Oxford east of Beaverbrook WB - #1265 → Riverside east of Beaverbrook WB - #1565 → Riverside at Cavendish EB - #1570 → Riverside at Mt. Pleasant  WB - #1587 → Wharncliffe at The Ridgeway NB - #2050 → Wharncliffe at The Ridgeway SB - #2051 → Horton west of Wharncliffe EB - #981 → Horton west of Wharncliffe 2 WB - #982 → Horton at Maitland EB - #967 → Hamilton at William EB - #2317,23,14.75
Route_39,ADELADA1 → WAVEEDM1 → WAVEEDM2 → BRYDHIG3 → BRYDHIG2 → HALEGRAY → HALEMONT → HALEEAST → HALEBEAT → HALEDOU1 → HALEDOU2 → HALEDUND → DUNDHAL2 → DUNDHAL3 → DUNDHAL4 → HIGBDUN1 → DUNDHIG2 → DUNDHIG1 → HIGBDUN2 → FLORHIG2 → HIGBBEA2 → HIGBBEA1 → HIGBWIL2 → HIGBWIL1 → HAMISAC1,Adelaide at Ada NB - #20 → Wavell at Edmonton St EB - #1907 → Wavell at Edmonton St WB - #1908 → Brydges at Highbury  EB - #309 → Brydges at Highbury WB - #308 → Hale at Graydon NB - #836 → Hale at Montague Place SB - #838 → Hale at Eastman NB - #834 → Hale at Beattie SB - #828 → Hale at Doulton NB - #831 → Hale at Burslem SB - #832 → Hale at Dundas NB - #833 → Dundas east of Hale WB - #572 → Dundas west of Hale EB - #573 → Dundas west of Hale WB - #574 → Highbury at Dundas NB - #900 → Dundas at Highbury WB - #578 → Dundas at Highbury  EB - #577 → Highbury at Dundas SB - #901 → Florence at Highbury WB - #743 → Highbury at Beattie SB - #894 → Highbury at Beattie NB - #893 → Highbury at Wilton SB - #929 → Highbury at Wilton NB - #928 → Hamilton at Sackville EB - #879,25,11.32
Route_40,ADELADA1 → RICHHOT1 → DUNDRIDO → WHARMOIR → WHARLEXI → WHAREMPR → WHARPAUL → OXFOANDR → OXFOGRAC → OXFOFERN → PLATCHE1 → CHERPLA2 → WHARMPL1 → WHARMPL2 → RIVEWHA4 → WHARWYAT → WHARRIV1 → RIVEWHA2 → RIVEWHA1 → RIVEWIL1 → RIVEWIL2 → RIDOYORK → RIDOYOR2 → SOUTHOSP,Adelaide at Ada NB - #20 → Richmond north of Horton NB - #1478 → Dundas at Ridout EB - #600 → Wharncliffe at Moir NB - #2043 → Wharncliffe at Lexington  SB - #2041 → Wharncliffe at Blackfriars NB - #2035 → Wharncliffe at Paul SB - #2049 → Oxford at St. Andrews EB - #1262 → Oxford & Grace St WB - #1303 → Oxford at Fernely WB - #1290 → Platts Lane at Cherryhill Place NB - #1389 → Cherryhill at Platts Lane WB - #382 → Wharncliffe at Mount Pleasant NB - #2044 → Wharncliffe at Mt. Pleasant Ave SB - #2045 → Riverside West of Wharncliffe WB - #1601 → Wharncliffe at Wyatt SB - #2057 → Wharncliffe at Riverside NB - #2896 → Riverside east of Wharncliffe WB - #2336 → Riverside at Wharncliffe EB - #1600 → Riverside at Wilson EB - #1602 → Riverside at Wilson WB - #1603 → Ridout at York SB - #1558 → Ridout at York NB - #2743 → South at Colborne EB - #2276,24,9.75
Route_41,ADELADA1 → BASEWEL1 → WELLWIL4 → WELLWIL1 → WELLCRE2 → WELLNAD1 → WELLNADI → WELLCRES → WELLSDA3 → WELLSDA2 → SOUTMONT → WELLHARL → WELLSDA5 → WELLSDA1 → SOUTWEL1 → SOUTWEL2 → SOUTWIL2 → SOUTWIL1 → SOUTADE2 → SOUTADE1 → ADELSDAL → ADELOSG3 → SOUTMIL6 → SOUTMIL5 → MILLSDA2,Adelaide at Ada NB - #20 → Base Line east of Wellington EB - #206 → Wellington at Wilkins SB - #1978 → Wellington South of Wilkins St NB - #1975 → Wellington Between Creston and Wilkins NB - #2428 → 705 Wellington SB - #1956 → Wellington at Creston SB - #1957 → Wellington at Creston Ave NB - #1934 → Wellington North of Southdale Rd NB - #1965 → Wellington at Southdale SB - #1964 → Southdale at Montgomery WB - #2878 → Wellington at Harlech Gt SB - #2689 → Wellington at Southdale NS 3 NB - #2887 → Wellington South of Southdale NB - #1963 → Southdale at Wellington EB - #1703 → Southdale at Wellington  WB - #1704 → Southdale at Willow WB - #1712 → Southdale at Willow Dr EB - #1711 → Southdale at Adelaide WB - #1667 → Southdale & Adelaide EB - #1666 → Adelaide at Southdale SB - #77 → Adelaide at NE Osgoode NB - #62 → Southdale West of Millbank WB - #1690 → Southdale at Millbank Dr West EB - #1689 → Millbank at Southdale SB - #1189,25,8.9
Route_42,ADELADA1 → HAMIREC1 → HAMIREC2 → HAMISAC2 → HAMIEGE1 → HAMIEGE2 → HAMIELM → HAMITENN → HAMISJU1 → HAMISJU2 → FCBLCHE2 → FCBLCHE1 → BECKTUDO → HIGBCALV → HALEELLS → HALEHAM2 → HAMIHALE → HAMIHIG1 → HAMIHIG2 → HIGBHAM1 → HIGBHAM2 → HAMIGIL2 → HAMIGIL1 → HAMIEAST → HAMIPILA,Adelaide at Ada NB - #20 → Hamilton at Rectory EB - #874 → Hamilton at Rectory WB - #875 → Hamilton at Sackville WB - #880 → Hamilton at Egerton EB - #851 → Hamilton at Egerton WB - #852 → Hamilton at Elm WB - #854 → Hamilton at Tennyson EB - #885 → Hamilton at St. Julien EB - #883 → Hamilton at St. Julien WB - #884 → Fanshawe College Blvd at Cheapside SB - #2229 → Fanshawe College Blvd at Cheapside NB - #2228 → Beckworth at Tudor EB - #233 → Highbury at Calvin SB - #897 → Hale at Ellsworth SB - #835 → Hale at Hamilton NB - #2650 → Hamilton at Hale WB - #859 → Hamilton at Highbury EB - #860 → Hamilton at Highbury WB - #861 → Highbury at Hamilton NB - #909 → Highbury at Hamilton SB - #910 → Hamilton at Giles WB - #856 → Hamilton at Giles EB - #855 → Hamilton at East WB - #850 → Hamilton at Pine Lawn EB - #871,25,15.23
Route_43,ADELADA1 → BURLCAIR → DEVECOM1 → DEVEBANB → DEVELYSA → DEVEGLEN → PONDMIR1 → PONDMIR4 → PONDMIR3 → PONDMIR2 → PONDMILL → PONDPONV → SOUTPOM2 → SOUTPOM1 → SOUTKOR1 → SOUTKOR2 → MILLBEX2 → MILLASHB → MILLBRID → MILLDUD1 → MILLDUD2 → SOUTMIL1 → SOUTMIL2 → MILLSDA4 → MILLHARR,Adelaide at Ada NB - #20 → Burlington at Cairn EB - #312 → Deveron at Commissioners NB - #513 → Deveron at Banbury NB - #2816 → Deveron at Lysanda NB - #2818 → Deveron at Glenroy EB - #2817 → 450 Pond Mills - #1415 → 492 Pond Mills - #1418 → Pond Mills at Millridge NB - #1417 → Pond Mills at Millridge SB - #1416 → Pond Mills at Millers SB - #1414 → Pond Mills at Pondview NB - #1420 → Southdale at Pond Mills WB - #1698 → Southdale at Pond Mills Road EB - #1697 → Southdale at Koru Crt EB - #1683 → Southdale at Koru Crt WB - #1684 → Millbank at Bexhill  SB - #1176 → Millbank at Ashbury SB - #1174 → Millbank at Bridington NB - #1179 → Millbank at Dudley NB - #1181 → Millbank at Dudley SB - #1182 → Southdale at Millbank Dr E EB - #1685 → Southdale East of Millbank WB - #1686 → Laurier Secondary School - #1190 → Millbank at Harrow  NB - #1185,25,10.1
Route_44,ADELADA1 → KINGADE1 → DUNDELIZ → CHEAADE4 → CHEAADE1 → ADELCHE1 → CHEAADE2 → ADELCHE2 → ADELGRO1 → ADELGRO2 → ADELSJA2 → ADELSJA1 → ADELOXF1 → ADELOXF2 → OXFOADE2 → OXFOADE1 → ADELPIC2 → ADELPIC1 → ADELMCMA → ADELPAMA → ADELCEN1 → ADELCEN2 → ADELPRIN → ADELLORN,Adelaide at Ada NB - #20 → King at Adelaide Station EB - #2962 → Dundas at Elizabeth WB - #564 → Cheapside east of Adelaide WB - #346 → Cheapside at Adelaide EB - #344 → Adelaide at Cheapside NB - #24 → Cheapside west of Adelaide WB - #345 → Adelaide at Cheapside SB - #25 → Adelaide at Grosvenor NB - #34 → Adelaide at Grosvenor SB - #35 → Adelaide at St. James SB - #79 → Adelaide at St. James NB - #78 → Adelaide at Oxford  NB - #67 → Adelaide at Oxford SB - #68 → Oxford at Adelaide WB - #1261 → Oxford at Adelaide EB - #1260 → Adelaide at Piccadilly SB - #71 → Adelaide at Piccadilly NB - #70 → Adelaide at McMahen NB - #57 → Adelaide at McMahen SB - #69 → Adelaide at Central  NB - #22 → Adelaide at Central  SB - #23 → Adelaide at Princess SB - #72 → Adelaide at Lorne NB - #54,24,7.92
Route_45,ADELADA1 → WELLTHJA → COMMHIG2 → COMMHIG3 → COMMKIFD → COMMUPP1 → UPPECOM1 → UPPECOM2 → COMMRIDO → COMMHIHE → UPPECHI4 → CHIDUPQ2 → CHIDHUN1 → CHIDHUN2 → CHIDWILK → CHIDCHID → WILKCHI2 → WILKCHI1 → SANDWIL4 → SANDWIL2 → SANDVER2 → SANDVER1 → VERUEDEN → WESTBAS1 → THOMADE2,Adelaide at Ada NB - #20 → Wellington at Thomas Janes SB - #1970 → Commissioners at High EB - #2804 → Commissioners at High WB - #2805 → Commissioners at Kingsford WB - #2808 → Commissioners at Upper Queens FS EB - #2810 → Upper Queens at Commissioners Rd NB - #1826 → Upper Queens at Commissioners Rd SB - #1827 → Commissioners at Ridout WB - #2809 → Commissioners at Highland Heights EB - #2806 → Upper Queens North of Chiddington SB - #1825 → Chiddington at Upper Queens WB - #389 → Chiddington at Huntingdon EB - #385 → Chiddington at Huntingdon WB - #386 → Chiddington at Wilkins NB - #390 → Chiddington Ave at Chiddington Gt SB - #384 → Wilkins at Chiddington Gate SB - #2067 → Wilkins at Chiddington Gate NB - #2066 → Sandringham at Wilkins WB - #1628 → Sandringham at Wilkins SB - #1627 → Sandringham at Verulam WB - #1626 → Sandringham at Verulam EB - #1625 → Verulam at Eden SB - #1852 → Westminster at Baseline Rd NB - #1985 → Thompson at Adelaide WB - #1777,25,7.87
Route_46,ADELADA1 → HAMIWIL2 → HORTCOL2 → BRUCMARL → BRUCWORT → ELMWCATH → CATHELMW → EDWATECU → LANGHOLB → WHAREME1 → WHAREME2 → WHARDEVO → WHARCENT → WHARBAS1 → WHARBAS2 → BASEWHA2 → BASEWHA1 → BASEDUND → EDWABASE → CATHBASE → EDWAHIWY → EDWALANG → CATHTECU → RIDOTEC2 → RIDOTEC1,Adelaide at Ada NB - #20 → Hamilton at William WB - #2318 → Horton at Colborne EB - #2240 → Bruce at Marley Place EB - #303 → Bruce at Wortley EB - #304 → Elmwood at Cathcart WB - #641 → Cathcart at Elmwood NB - #336 → Edward at Tecumseh SB - #640 → Langarth at Holborn WB - #1105 → Wharncliffe at Emery NB - #2033 → Wharncliffe at Emery SB - #2034 → Wharncliffe at Devonshire  NB - #2029 → Wharncliffe at Center SB - #2024 → Wharncliffe & Base Line FS NB - #2015 → Wharncliffe at BaseLine NS SB - #2016 → Base Line at Wharncliffe WB - #216 → Base Line at Wharncliffe EB - #2194 → Base Line at Dundee Place EB - #184 → Edward at Baseline SB - #630 → Cathcart at Baseline NB - #331 → Edward at Highway SB - #637 → Edward at Langarth SB - #639 → Cathcart at Tecumseh NB - #340 → Ridout at Tecumseh SB - #1556 → Ridout at Tecumseh NB - #1555,25,9.19
Route_47,ADELADA1 → WINDTAL2 → WINDDOO2 → WINDDOO1 → DOONWIN2 → DOONWIN1 → DOONCAIT → CHEACOL2 → COLBCHEA → COLBGRO1 → COLBGRO2 → COLBSJM2 → COLBSJM1 → COLBOXFO → COLBOXFD → OXFOCOL2 → COLBPAM1 → COLBPAM2 → COLBCEN1 → COLBCEN2 → COLBPRIN → DUFFWATS → DUFFCOLB → DUNDMAI1 → DUNDMAI2,Adelaide at Ada NB - #20 → Windermere at Tallwood WB - #2086 → Windermere at Doon Dr  2 WB - #2080 → Windermere at Doon  EB - #2304 → Doon at Windermere SB - #527 → Doon at Windermere NB - #526 → Doon at Caithness Ct EB - #520 → Cheapside at Colborne WB - #353 → Colborne at Cheapside SB - #2796 → Colborne at Grosvenor SB - #2797 → Colborne at Grosvenor NB - #2798 → Colborne at St. James SB - #2801 → Colborne at St. James NB - #2800 → Colborne at Oxford NB - #2799 → Colborne at Oxford SB - #438 → Oxford at Colborne WB - #1281 → Colborne at Pall Mall NB - #439 → Colborne at Pall Mall SB - #440 → Colborne at Central NB - #432 → Colborne at Central SB - #433 → Colborne at Princess NB - #443 → Dufferin at Waterloo WB - #2218 → Dufferin at Colborne EB - #531 → Dundas at Maitland EB - #585 → Dundas at Maitland WB - #586,25,14.6
Route_48,ADELADA1 → YORKWEL1 → KINGWEL2 → WELLDUN3 → DUNDWEL2 → WELLDUN2 → QUEECLAR → QUEERIC2 → QUEERIC1 → RICHQUE2 → RICHQUE1 → RICHQUEE → RICHDUF2 → RICHKEN2 → RICHKEN1 → RICHCENT → RICHHYM1 → RICHMILL → RICHOXF2 → RICHPALL → WELLDUFF → DUFFWEL2 → DUFFPICT → DUNDWAT2 → HORTCOL1,Adelaide at Ada NB - #20 → York at Wellington WB - #2976 → King at Wellington Station EB - #2916  → Wellington at King Station NB - #1939 → Dundas at Wellington WB - #620 → Wellington at Dundas SB - #1938 → Queens at Clarence Station WB - #1442 → Queens at Richmond 2 WB - #2971 → Queens at Richmond 1 WB - #2737 → Richmond south of Queens SB - #2742 → Richmond north of Queens SB - #2741 → Richmond at Queens NB - #1501 → Richmond at Dufferin SB - #1467 → Richmond at Kent SB - #1489 → Richmond at Angel NB - #1488 → Richmond at Central SB - #1463 → Richmond at Hyman NB - #1483 → Richmond at Mill SB - #1493 → Richmond at Oxford SB - #1495 → Richmond at Pall Mall NB - #1496 → Wellington at  Dufferin St NB - #1936 → Dufferin east of Wellington WB - #535 → Dufferin at Picton EB - #532 → Dundas at Waterloo WB - #615 → Horton at Colborne WB - #2239,25,7.12
Route_49,ADELADA1 → HUROWEDG → FLOREGE1 → FLOREGE2 → FLORKEL2 → FLORKEL1 → FLORELE2 → FLORELE1 → FLORASH1 → FLORASH2 → DUNDASH1 → DUNDASH4 → DUNDELE1 → DUNDMCOR → DUNDKELL → DUNDDORI → DUNDEGE1 → DUNDEGE2 → DUNDQUE1 → DUNDQUE2 → DUNDREC2 → DUNDENGL → DUNDLYLE → YORKLYL1 → YORKLYL2,Adelaide at Ada NB - #20 → Huron at Wedgewood WB - #1024 → Florence at Egerton EB - #736 → Florence at Egerton WB - #737 → Florence at Kellogg Lane WB - #745 → Florence at Kellogg Lane EB - #744 → Florence at Eleanor WB - #739 → Florence at Eleanor EB - #738 → Florence at Ashland EB - #733 → Florence at Ashland WB - #734 → Dundas at Ashland EB - #540 → Dundas east of Ashland WB - #542 → Dundas at Eleanor EB - #562 → Dundas at McCormick Blvd WB - #2219 → Dundas at Kellogg Station EB - #583 → Dundas at Burbrook Station WB - #554 → Dundas at Egerton EB - #560 → Dundas at Egerton WB - #561 → Dundas at Quebec EB - #594 → Dundas at Quebec WB - #595 → Dundas at Rectory WB - #597 → Dundas at English WB - #565 → Dundas at Lyle EB - #584 → York at Lyle EB - #2161 → York at Lyle WB - #2162,25,12.38
Route_50,ADELADA1 → RICHGREY → RICHSIM1 → RICHHOT3 → RICHHOT2 → RICHKIN1 → KINGRICH → RICHKIN4 → KINGTALB → YORKTHA1 → YORKTHA2 → STANWORT → STANPERR → STANWHAR → HORTWHA2 → HORTSPRI → SPRISPRI → WHARHORT → WHAREUCL → WHARBYR1 → EDWAELMW → ELMWMARL → CARFCAR2 → CARFCAR1 → GRANHIG2,Adelaide at Ada NB - #20 → Richmond at Grey SB - #1475 → Richmond at Simcoe NB - #1509 → Richmond south of Horton NB - #1480 → Richmond at Horton SB - #1479 → Richmond at King NB - #1490 → King at Richmond EB - #1086 → Richmond at King SB - #2740 → King at Talbot Station EB - #2736 → York at Thames EB - #2170 → York at Thames WB - #2171 → Stanley at Wortley EB - #1760 → Stanley at Perry EB - #1758 → Stanley at Wharncliffe EB - #1759 → Horton west of Wharncliffe WB - #980 → Horton at Springbank WB - #2683 → Springbank at Springbank EB - #1748 → Wharncliffe at Horton SB - #2293 → Wharncliffe at Euclid NB - #2037 → Wharncliffe at Byron NB - #2022 → Edward at Elmwood SB - #634 → Elmwood at Marley Place WB - #642 → Carfrae & Carfrae St SB - #324 → Carfrae at Carfrae NB - #323 → Grand at High WB - #791,25,8.7
Route_51,ADELADA1 → ADELNEL2 → ADELHIL2 → HAMIADE1 → ADELHAMI → ADELLISI → HIGBKIL1 → HIGBTOWN → MCNAVIC1 → SALIQUEB → QUEBMORN → GLASMORN → MORNGLAS → MORNSTRA → QUEBELI1 → QUEBELI2 → QUEBLOR1 → QUEBLOR2 → QUEBDUFF → QUEBQUEE → DUNDONT2 → ONTAKIN1 → ONTAKIN2 → YORKREC1 → HAMIMAME,Adelaide at Ada NB - #20 → Adelaide at Nelson SB - #59 → Adelaide at Hill SB - #38 → Hamilton at Adelaide EB - #845 → Adelaide at Hamilton SB - #36 → Adelaide at Hamilton NB - #53 → Highbury at Kilally NB - #2234 → Highbury at Townsend SB - #2235 → McNay north of Victoria NB - #1162 → Salisbury at Quebec EB - #1617 → Quebec at Mornington SB - #1440 → Glasgow at Mornington NB - #768 → Mornington at Glasgow WB - #1210 → Mornington at Strand EB - #1219 → Quebec at Elias NB - #1436 → Quebec at Elias SB - #1437 → Quebec at Lorne NB - #1438 → Quebec at Lorne SB - #1439 → Quebec at Dufferin SB - #1434 → Quebec at Queens NB - #1441 → Dundas at Ontario WB - #593 → Ontario at King Station NB - #2972 → Ontario at King Station SB - #2973 → York at Rectory EB - #2165 → Hamilton at Mamelon EB - #865,25,13.39
Route_52,ADELADA1 → PMILTHOP → PONDEGER → PONDSCE2 → PONDSCE1 → PONDSCE4 → PONDAIL2 → PONDAILS → PONDCLE2 → PONDCLE1 → PONDBURL → SHELBUR2 → SHELODEL → SHELDEVE → COMMDEV6 → COMMDEV1 → COMMDEV2 → COMMDEV4 → COMMPOM3 → PONDOLDH → PONDDEV2 → COMMPOM1 → COMMPOM4 → PONDCOMM → BURLPOMI,Adelaide at Ada NB - #20 → Pond Mills at Thompson - #2260 → Pond Mills at Thompson NB - #1412 → Pond Mills north of Scenic SB - #2449 → Pond Mills at Scenic NB - #1421 → Pond Mills south of Scenic SB - #1422 → Pond Mills at Ailsa NB - #2915 → Pond Mills at Ailsa SB - #1399 → Pond Mills at Cleveland SB - #1408 → Pond Mills at Cleveland NB - #1407 → Pond Mills at Burlington Gate NB - #1406 → Shelborne at Burlington Gate SB - #1656 → Shelborne at Odell Place EB - #2452 → Shelborne at Deveron EB - #1657 → Commissioners east of Deveron WB - #453 → Commissioners at Deveron EB - #449 → Commissioners west of Deveron 1 WB - #450 → Commissioners west of Deveron 2 WB - #452 → Commissioners east of Pondmills EB - #477 → Pond Mills South of Commissioners NB - #1419 → Pond Mills north of Deveron SB - #1410 → Commissioners west of Pondmills EB - #475 → Commissioners west of Pondmills WB - #478 → Pond Mills at Commissioners NB - #1409 → Burlington at Pond Mills EB - #313,25,6.55
Route_53,ADELADA1 → WELLCHES → WELLPERC → WELLBAS3 → WELLBAS2 → BASEWEL6 → BASEWEL3 → BASEHIG1 → HIGHBASE → RIDOMOU2 → RIDOBAS1 → RIDOBAS2 → RIDOHICK → RIDOROSE → RIDOEME1 → RIDOEME2 → RIDOWINS → RIDOBAKE → HIGHWIN2 → HIGHWIN3 → HIGHEME2 → HIGHEME1 → HIGHCHE1 → HIGHCHE2 → WELLALEX,Adelaide at Ada NB - #20 → Wellington at Chester NB - #1929 → Wellington at Percy SB - #1958 → Wellington at Baseline Rd FS NB - #2911 → Wellington at Baseline SB - #1924 → Base Line west of Wellington WB - #210 → Base Line west of Wellington EB - #208 → Base Line at High EB - #192 → High at Baseline NB - #930 → Ridout at Mountsfiled SB - #1553 → Ridout at Baseline NB - #1532 → Ridout at Baseline SB - #1533 → Ridout at Hickson NB - #1545 → Ridout at Rosel SB - #1554 → Ridout at Emery NB - #1540 → Ridout at Emery SB - #1541 → Ridout at Windsor SB - #1557 → Ridout at Baker NB - #1531 → High at Windsor Cres SB - #940 → High at Windsor Cres NB - #941 → High at Emery SB - #934 → High at Emery NB - #933 → High at Chester NB - #931 → High at Chester SB - #932 → Wellington & Alexandra St NB - #1922,25,6.17
Route_54,ADELADA1 → HORTWELL → WELLHOR2 → WELLHOR1 → QUENRIDO → OXFOWHA1 → OXFOWHA2 → MAITREGE → WINDADE2 → KIPPBELF → KIPPADEL → DUNDWIL2 → DUNDWIL1 → YORKWIL1 → HORTWAT2 → WELLGRE1 → GREYWATE,Adelaide at Ada NB - #20 → Horton at Wellington EB - #978 → Wellington at Horton Station SB - #1948 → Wellington at Horton Station NB - #1947 → Queens at Ridout Station WB - #1443 → Oxford at Wharncliffe EB - #1358 → Oxford at Wharncliffe WB - #1359 → Maitland at Regent SB - #1132 → Windermere at Adelaide WB - #2077 → Kipps at Belfield EB - #1096 → Kipps at Adelaide EB - #1093 → Dundas at William WB - #624 → Dundas at William EB - #623 → York at William EB - #2175 → Horton at Waterloo WB - #977 → Wellington at Grey St NB - #1944 → Grey at Waterloo WB - #805,17,15.18
Route_55,ADELADA1 → ADELTHO1 → THOMADE1 → ADELTHO4 → ADELTHO6 → ADELLEA7 → ADELTHO2 → ADELLEA5 → ADELLEA3 → VICTCOMM → COMMADE4 → COMMWCO1 → ADELLEA2 → ADELLEA1 → COMMADE1 → COMMADE2 → COMMLEA1 → COMMLEA2 → COMMFRO2 → COMMFRO1 → COMMKIE2 → COMMKIE1 → KINGBUR1 → KINGEAGL → KINGCHI1,Adelaide at Ada NB - #20 → Adelaide at Thompson NB - #82 → Princess Elizabeth Elementary School EB - #1776 → Adelaide at Thompson SB - #84 → 155 Adelaide SB - #85 → Adelaide north of Leathorne 3 NB - #2185 → 207 Adelaide - #83 → Adelaide north of Leathorne 2 NB - #52 → Adelaide north of Leathorne 1 NB - #50 → Victoria Hospital at Commissioners NB - #1854 → Commissioners west of Adelaide WB - #447 → Commissioners at Western Counties EB - #2217 → Adelaide at Leathorne SB - #49 → Adelaide south of Leathorne St NB - #48 → Commissioners at Adelaide EB - #445 → Commissioners east of Adelaide WB - #446 → Commissioners at Leathorne EB - #464 → Commissioners at Leathorne WB - #465 → Commissioners at Frontenac WB - #455 → Commissioners at Frontenac EB - #454 → Commissioners at King Edward WB - #463 → Commissioners at King Edward EB - #462 → King Edward at Burlington NB - #1077 → King Edward at Eagle SB - #1082 → King Edward at Chippendale NB - #1078,25,5.9
Route_56,ADELADA1 → ADELADA2 → YORKCOL1 → YORKCOL2 → YORKWAT1 → YORKWAT2 → WATEKINS → DUNDWAT1 → DUNDCOL1 → DUNDCOL2 → KINGBUR4 → YORKMAI2 → YORKMAI1 → ADELQUEE → WINDDOO4 → WINDTAL1 → ADELKIP6 → OXFOWIL2 → DUNDADE2 → KINGADE2 → YORKADE2 → YORKADE1 → HAMIADE2 → ADELHIL1 → ADELNEL1,Adelaide at Ada NB - #20 → Adelaide at Ada SB - #21 → York at Colborne EB - #2157 → York at Colborne WB - #2158 → York at Waterloo EB - #2172 → York at Waterloo WB - #2173 → Waterloo & King St SB - #2744 → Dundas east of Waterloo EB - #614 → Dundas at Colborne EB - #552 → Dundas at Colborne WB - #553 → King at Burwell Station WB - #2978 → York at Maitland WB - #2164 → York at Maitland EB - #2163 → Adelaide at Queens SB - #73 → Windermere at Doon Dr 1 WB - #2082 → Windermere at Tallwood EB - #2085 → Adelaide south of Kipps Lane 2 SB - #47 → Oxford at William WB - #1361 → Dundas at Adelaide WB - #538 → King at Adelaide Station WB - #2963 → York at Adelaide WB - #2155 → York at Adelaide EB - #2154 → Hamilton at Adelaide WB - #846 → Adelaide at Hill NB - #37 → Adelaide at Nelson NB - #58,25,15.18
Route_57,ADELADA1 → HIGBTRA2 → HIGBTRA1 → HUDSJOLI → TRAFMARC → TRAFFAL2 → TWEEHALE → TWEEFAI2 → TWEEELLE → TWEEMAN2 → TWEECOU4 → TWEEBER2 → TWEECOU2 → MANITWEE → MANITWE2 → MONTMANI → MONTTWE2 → MONTTWEE → MONTFUND → MONTELD2 → MONTGORE → GOREVAL2 → HAMIWAT2 → HAMIFAI1 → HAMINORL,Adelaide at Ada NB - #20 → Highbury at Trafalgar SB - #927 → Highbury at Trafalgar NB - #926 → Hudson at Joliet NB - #992 → Trafalgar at Marconi Blvd  WB - #1798 → Trafalgar at Falcon  EB - #2279 → Tweedsmuir at Hale  WB - #1813 → Tweedsmuir at Fairway EB - #2675 → Tweedsmuir at Ellesworth WB - #1812 → Tweedsmuir & Manitoulin EB - #2676 → Tweedsmuir at Court Lane West WB - #1811 → Tweedsmuir & Court Lane W Leg EB - #2674 → Tweedsmuir at Court Lane East WB - #1810 → Manitoulin at Tweedsmuir NB - #1133 → Manitoulin at Tweedsmuir SB - #2665 → Montabello at Manitoulin NB - #1201 → Montabello at Tweedsmuir SB - #2673 → Montabello at Tweedsmuir NB - #1206 → Montabello at Fundy NB - #1199 → Montabello at Eldorado SB - #2672 → Montabello at Gore NB - #1200 → Gore at Montebello EB - #2648 → Hamilton at Watmar WB - #2661 → Hamilton at Fairmont WB - #2656 → Hamilton at Norlan EB - #868,25,15.0
Route_58,ADELADA1 → BASEFAI2 → BASEFAI3 → VICTZONB → VICZONC → VICTWEST → VICTLOT9 → WELLCOM1 → COMMWELL → COMMWEL1 → WELLCOM4 → WELLWAT1 → WELLWIL3 → WELLWAT2 → PARKMEHE → PARKMAEN → PARKWEC2 → COMMWCO2 → VICTWES1 → VICTZON7 → WESTBAS2 → WESTWHE1 → WESTWHE2 → WESTTHO1 → WESTTHO2,Adelaide at Ada NB - #20 → Base Line west of Fairview Ave WB - #189 → Base Line west of Fairview EB - #190 → Victoria Hospital & Baseline Rd Ent WB - #1859 → Victoria Hospital & Zone A EB - #2284 → Victoria Hospital West Entrance NB - #2499 → Victoria Hospital Cancer Centre SB - #1855 → Wellington at Commissioners NB - #1931 → Commissioners at Wellington WB - #2812 → Commissioners at Wellington NS EB - #2811 → Wellington South of Commissioners SB - #1933 → Wellington at Waterman NB - #1971 → Wellington North of Wilkins NB - #1977 → Wellington at Waterman SB - #1972 → Parkwood Hospital at Mental Health Building - #2616 → Parkwood Hospital Main Entrance WB - #1373 → Parkwood Hospital at  Western Counties Rd WB - #1376 → Commissioners at Western Counties Rd - #2426 → Victoria Hospital at Western Counties EB - #1857 → Victoria Hospital at Zone E WB - #2423 → Westminster at Baseline Rd SB - #1986 → Westminster at Whetter Ave NB - #2007 → Westminster at Whetter Ave SB - #2008 → Westminster at Thompson Rd NB - #2292 → Westminster at Thompson Rd SB - #2702,25,5.3
Route_59,ADELADA1 → WELLWELL → WELLBOND → WELLCOLG → WELLMCL1 → HIGHMCL1 → HIGHGRA2 → GRANHIG1 → GRANHIG4 → CARFGRAN → GRANRIDO → RIDOGRAN → RIDOELMW → RIDOCRA1 → RIDOCRA2 → RIDOING1 → RIDOHORT → HORTRID1 → HORTRIC2 → WELLGRE2 → WELLSOU1 → WELLSOU2 → SOUTWEL3 → SOUTWATE,Adelaide at Ada NB - #20 → Wellington at Wellington Cres SB - #1974 → Wellington at Bond  NB - #1925 → Wellington at Colgrove Pl SB - #1930 → Wellington at McClary AVE NB - #1950 → High at McClary NB - #937 → High at Grand SB - #936 → Grand at High EB - #790 → 84 Grand WB - #792 → Carfrae at Grand NB - #325 → Grand at Bellevue EB - #2684 → Ridout & Grand Ave NB - #1544 → Ridout at Elmwood SB - #1539 → Ridout at Craig NB - #1537 → Ridout at Craig SB - #1538 → Ridout at Ingleside NB - #1547 → Ridout at Horton SB - #1546 → Horton at Ridout EB - #970 → Horton at Richmond WB - #969 → Wellington at Grey SB - #1945 → Wellington at  South St NB - #1968 → Wellington at South SB - #1969 → South at Wellington St EB - #1705 → South at Waterloo St EB - #1702,24,5.45
Route_60,ADELADA1 → ADELTERR → ADELEDNA → ADELMAUD → THOMJACQ → THOMEME1 → KINGCHI2 → KINGVERM → KINGECHO → KINGSCE2 → KINGSCE1 → KINGDIP1 → KINGDIP2 → KINGTHO2 → THOMKED1 → THOMKED2 → THOMGLA1 → THOMGLA2 → THOMCHE1 → THOMCHE2,Adelaide at Ada NB - #20 → Adelaide at Terrace NB - #81 → Adelaide at Edna SB - #29 → Adelaide at Maud NB - #56 → Thompson at Jacqueline WB - #1785 → Thompson at Emerson  EB - #1781 → King Edward at Chippendale SB - #1079 → King Edward at Vermont Ave NB - #1090 → King Edward at Echo SB - #1083 → King Edward at Scenic SB - #1088 → King Edward at Scenic NB - #1087 → King Edward at Dieppe NB - #2333 → King Edward at Dieppe SB - #2334 → King Edward at Thompson SB - #1089 → Thompson at King Edward EB - #1786 → Thompson at King Edward  WB - #1787 → Thompson at Gladstone Ave EB - #1783 → Thompson at GladstoneWB - #1784 → Thompson at Chesterfield  EB - #1779 → Thompson at Chesterfield  WB - #1780,20,3.89
